2019-04-04 15:20:310.0236816406, 0.0932617188, 0.0410156250 0.0031738281, 0.0144042969, 0.0024414062 -0.3151855469, -0.1584472656, -0.7778320312 -0.3312988281, -0.2326660156, -0.8098144531 
2019-04-04 15:20:420.0214843750, 0.0253906250, 0.0300292969 0.0034179688, 0.0053710938, 0.0163574219 -0.3156738281, -0.2092285156, -0.7814941406 -0.3400878906, -0.2260742188, -0.8247070312 
2019-04-04 15:20:520.0363769531, 0.0585937500, 0.0595703125 0.0004882812, 0.0092773438, 0.0078125000 -0.3105468750, -0.2060546875, -0.7604980469 -0.3361816406, -0.2307128906, -0.8029785156 
2019-04-04 15:21:020.0251464844, 0.0270996094, 0.0253906250 0.0039062500, 0.0009765625, 0.0117187500 -0.3134765625, -0.2189941406, -0.7841796875 -0.3342285156, -0.2277832031, -0.7983398438 
2019-04-04 15:21:120.0256347656, 0.0183105469, 0.0324707031 0.0021972656, 0.0087890625, 0.0014648438 -0.3134765625, -0.2192382812, -0.7822265625 -0.3310546875, -0.2321777344, -0.8012695312 
2019-04-04 15:21:220.0222167969, 0.0295410156, 0.0280761719 0.0004882812, 0.0000000000, 0.0046386719 -0.3151855469, -0.2189941406, -0.7846679688 -0.3325195312, -0.2304687500, -0.8122558594 
2019-04-04 15:21:320.0202636719, 0.0249023438, 0.0251464844 0.0151367188, 0.0024414062, 0.0053710938 -0.3129882812, -0.2202148438, -0.7900390625 -0.3161621094, -0.2302246094, -0.8037109375 
2019-04-04 15:21:420.1062011719, 0.1540527344, 0.0488281250 0.0007324219, 0.0026855469, 0.0043945312 -0.2282714844, -0.0856933594, -0.7673339844 -0.3376464844, -0.2321777344, -0.8027343750 
2019-04-04 15:21:520.0270996094, 0.0253906250, 0.0268554688 0.0063476562, 0.0158691406, 0.0036621094 -0.3132324219, -0.2189941406, -0.7817382812 -0.3310546875, -0.2348632812, -0.8022460938 
2019-04-04 15:22:030.0566406250, 0.0590820312, 0.0463867188 0.0065917969, 0.0043945312, 0.0012207031 -0.3146972656, -0.1926269531, -0.7585449219 -0.3403320312, -0.2314453125, -0.8020019531 
2019-04-04 15:22:130.0217285156, 0.0217285156, 0.0246582031 0.0058593750, 0.0061035156, 0.0078125000 -0.3132324219, -0.2192382812, -0.7871093750 -0.3308105469, -0.2324218750, -0.7998046875 
2019-04-04 15:22:230.0302734375, 0.0268554688, 0.0283203125 0.0041503906, 0.0100097656, 0.0153808594 -0.3134765625, -0.2189941406, -0.7819824219 -0.3354492188, -0.2194824219, -0.8120117188 
2019-04-04 15:22:330.0263671875, 0.0300292969, 0.0244140625 0.0026855469, 0.0163574219, 0.0048828125 -0.3156738281, -0.2189941406, -0.7827148438 -0.3374023438, -0.2490234375, -0.8051757812 
2019-04-04 15:22:430.0195312500, 0.0236816406, 0.0258789062 0.0021972656, 0.0092773438, 0.0083007812 -0.3173828125, -0.2189941406, -0.7819824219 -0.3391113281, -0.2290039062, -0.8020019531 
2019-04-04 15:22:530.0214843750, 0.0300292969, 0.0278320312 0.0043945312, 0.0073242188, 0.0085449219 -0.3137207031, -0.2192382812, -0.7834472656 -0.3391113281, -0.2265625000, -0.7990722656 
2019-04-04 15:23:030.0302734375, 0.0263671875, 0.0270996094 0.0031738281, 0.0014648438, 0.0061035156 -0.3134765625, -0.2189941406, -0.7836914062 -0.3325195312, -0.2326660156, -0.8083496094 
2019-04-04 15:23:140.0183105469, 0.0241699219, 0.0251464844 0.0036621094, 0.0195312500, 0.0014648438 -0.3154296875, -0.2207031250, -0.7822265625 -0.3347167969, -0.2480468750, -0.8100585938 
2019-04-04 15:23:240.0197753906, 0.0273437500, 0.0295410156 0.0024414062, 0.0046386719, 0.0012207031 -0.3151855469, -0.2189941406, -0.7817382812 -0.3347167969, -0.2246093750, -0.8107910156 
2019-04-04 15:23:340.0195312500, 0.0253906250, 0.0231933594 0.0017089844, 0.0078125000, 0.0002441406 -0.3127441406, -0.2109375000, -0.7871093750 -0.3366699219, -0.2316894531, -0.8012695312 
2019-04-04 15:23:440.0197753906, 0.0229492188, 0.0256347656 0.0014648438, 0.0024414062, 0.0126953125 -0.3164062500, -0.2189941406, -0.7817382812 -0.3374023438, -0.2294921875, -0.7846679688 
2019-04-04 15:23:540.0275878906, 0.0256347656, 0.0407714844 0.0187988281, 0.0256347656, 0.0041503906 -0.3144531250, -0.2192382812, -0.7846679688 -0.3144531250, -0.2229003906, -0.8034667969 
2019-04-04 15:24:040.0214843750, 0.0278320312, 0.0307617188 0.0019531250, 0.0029296875, 0.0075683594 -0.3144531250, -0.2194824219, -0.7814941406 -0.3349609375, -0.2297363281, -0.7998046875 
2019-04-04 15:24:140.0844726562, 0.0148925781, 0.0275878906 0.0288085938, 0.0021972656, 0.0065917969 -0.2673339844, -0.2192382812, -0.7739257812 -0.3571777344, -0.2299804688, -0.7939453125 
2019-04-04 15:24:250.0300292969, 0.0256347656, 0.0275878906 0.0104980469, 0.0034179688, 0.0061035156 -0.3283691406, -0.2204589844, -0.7814941406 -0.3288574219, -0.2268066406, -0.8010253906 
2019-04-04 15:24:350.0234375000, 0.0253906250, 0.0351562500 0.0002441406, 0.0019531250, 0.0090332031 -0.3283691406, -0.2194824219, -0.7817382812 -0.3439941406, -0.2314453125, -0.7976074219 
2019-04-04 15:24:450.0229492188, 0.0295410156, 0.0341796875 0.0041503906, 0.0058593750, 0.0002441406 -0.3288574219, -0.2189941406, -0.7819824219 -0.3395996094, -0.2299804688, -0.8093261719 
2019-04-04 15:24:550.1457519531, 0.0383300781, 0.1257324219 0.0090332031, 0.0092773438, 0.0056152344 -0.2226562500, -0.2080078125, -0.7761230469 -0.3620605469, -0.2390136719, -0.8076171875 
2019-04-04 15:25:050.0993652344, 0.0734863281, 0.0351562500 0.0053710938, 0.0231933594, 0.0151367188 -0.3439941406, -0.2155761719, -0.7753906250 -0.3662109375, -0.2253417969, -0.7971191406 
2019-04-04 15:25:150.0239257812, 0.0332031250, 0.0253906250 0.0026855469, 0.0017089844, 0.0063476562 -0.3439941406, -0.2141113281, -0.7687988281 -0.3613281250, -0.2312011719, -0.7937011719 
2019-04-04 15:25:250.0266113281, 0.0249023438, 0.0305175781 0.0085449219, 0.0041503906, 0.0058593750 -0.3444824219, -0.2189941406, -0.7685546875 -0.3552246094, -0.2285156250, -0.7946777344 
2019-04-04 15:25:360.0231933594, 0.0192871094, 0.0310058594 0.0065917969, 0.0000000000, 0.0021972656 -0.3447265625, -0.2192382812, -0.7717285156 -0.3652343750, -0.2333984375, -0.7924804688 
2019-04-04 15:25:460.0292968750, 0.0219726562, 0.0200195312 0.0026855469, 0.0002441406, 0.0024414062 -0.3454589844, -0.2189941406, -0.7766113281 -0.3637695312, -0.2314453125, -0.7966308594 
2019-04-04 15:25:560.0219726562, 0.0239257812, 0.0295410156 0.0019531250, 0.0065917969, 0.0295410156 -0.3471679688, -0.2189941406, -0.7673339844 -0.3635253906, -0.2302246094, -0.8110351562 
2019-04-04 15:26:060.0229492188, 0.0168457031, 0.0302734375 0.0078125000, 0.0061035156, 0.0102539062 -0.3454589844, -0.2192382812, -0.7690429688 -0.3583984375, -0.2248535156, -0.7817382812 
2019-04-04 15:26:160.0224609375, 0.0236816406, 0.0241699219 0.0029296875, 0.0056152344, 0.0241699219 -0.3488769531, -0.2189941406, -0.7756347656 -0.3691406250, -0.2255859375, -0.8090820312 
2019-04-04 15:26:260.0283203125, 0.0307617188, 0.0439453125 0.0195312500, 0.0063476562, 0.0405273438 -0.3442382812, -0.2189941406, -0.7663574219 -0.3449707031, -0.2324218750, -0.8068847656 
2019-04-04 15:26:360.0275878906, 0.0212402344, 0.0256347656 0.0026855469, 0.0017089844, 0.0092773438 -0.3449707031, -0.2199707031, -0.7768554688 -0.3576660156, -0.2360839844, -0.7849121094 
2019-04-04 15:26:460.0266113281, 0.0239257812, 0.0256347656 0.0009765625, 0.0090332031, 0.0043945312 -0.3439941406, -0.2189941406, -0.7692871094 -0.3591308594, -0.2280273438, -0.7915039062 
2019-04-04 15:26:570.0229492188, 0.0170898438, 0.0317382812 0.0009765625, 0.0051269531, 0.0139160156 -0.3439941406, -0.2194824219, -0.7685546875 -0.3623046875, -0.2287597656, -0.8076171875 
2019-04-04 15:27:070.0278320312, 0.0290527344, 0.0302734375 0.0119628906, 0.0141601562, 0.0029296875 -0.3442382812, -0.2192382812, -0.7709960938 -0.3745117188, -0.2192382812, -0.7897949219 
2019-04-04 15:27:170.0280761719, 0.0288085938, 0.0424804688 0.0205078125, 0.0000000000, 0.0180664062 -0.3439941406, -0.2192382812, -0.7700195312 -0.3483886719, -0.2272949219, -0.7934570312 
2019-04-04 15:27:270.0290527344, 0.0209960938, 0.0295410156 0.0026855469, 0.0012207031, 0.0112304688 -0.3444824219, -0.2189941406, -0.7746582031 -0.3598632812, -0.2292480469, -0.7871093750 
2019-04-04 15:27:370.0253906250, 0.0222167969, 0.0273437500 0.0009765625, 0.0073242188, 0.0131835938 -0.3444824219, -0.2189941406, -0.7690429688 -0.3613281250, -0.2246093750, -0.7844238281 
2019-04-04 15:27:470.0290527344, 0.0246582031, 0.0273437500 0.0151367188, 0.0048828125, 0.0024414062 -0.3439941406, -0.2189941406, -0.7697753906 -0.3439941406, -0.2329101562, -0.7910156250 
2019-04-04 15:27:570.0305175781, 0.0263671875, 0.0363769531 0.0058593750, 0.0083007812, 0.0017089844 -0.3442382812, -0.2189941406, -0.7756347656 -0.3615722656, -0.2348632812, -0.7937011719 
2019-04-04 15:28:080.0275878906, 0.0253906250, 0.0349121094 0.0012207031, 0.0070800781, 0.0048828125 -0.3442382812, -0.2189941406, -0.7675781250 -0.3608398438, -0.2263183594, -0.7939453125 
2019-04-04 15:28:180.0256347656, 0.0241699219, 0.0244140625 0.0024414062, 0.0087890625, 0.0029296875 -0.3447265625, -0.2194824219, -0.7783203125 -0.3596191406, -0.2253417969, -0.7907714844 
2019-04-04 15:28:280.0256347656, 0.0246582031, 0.0329589844 0.0017089844, 0.0043945312, 0.0009765625 -0.3444824219, -0.2189941406, -0.7678222656 -0.3559570312, -0.2331542969, -0.7863769531 
2019-04-04 15:28:380.0300292969, 0.0305175781, 0.0324707031 0.0021972656, 0.0209960938, 0.0002441406 -0.3442382812, -0.2189941406, -0.7668457031 -0.3625488281, -0.2482910156, -0.7844238281 
2019-04-04 15:28:480.0224609375, 0.0229492188, 0.0300292969 0.0007324219, 0.0114746094, 0.0002441406 -0.3439941406, -0.2189941406, -0.7707519531 -0.3627929688, -0.2343750000, -0.7890625000 
2019-04-04 15:28:580.0275878906, 0.0292968750, 0.0239257812 0.0092773438, 0.0004882812, 0.0078125000 -0.3439941406, -0.2189941406, -0.7714843750 -0.3696289062, -0.2321777344, -0.7905273438 
2019-04-04 15:29:080.0261230469, 0.0290527344, 0.0275878906 0.0002441406, 0.0007324219, 0.0063476562 -0.3449707031, -0.2189941406, -0.7702636719 -0.3662109375, -0.2297363281, -0.7897949219 
2019-04-04 15:29:190.0415039062, 0.0375976562, 0.0488281250 0.0024414062, 0.0051269531, 0.0012207031 -0.3444824219, -0.2043457031, -0.7678222656 -0.3664550781, -0.2299804688, -0.7878417969 
2019-04-04 15:29:290.0185546875, 0.0268554688, 0.0270996094 0.0039062500, 0.0017089844, 0.0017089844 -0.3469238281, -0.2097167969, -0.7783203125 -0.3676757812, -0.2263183594, -0.7929687500 
2019-04-04 15:29:390.0227050781, 0.0263671875, 0.0258789062 0.0002441406, 0.0083007812, 0.0014648438 -0.3439941406, -0.2167968750, -0.7714843750 -0.3664550781, -0.2226562500, -0.7851562500 
2019-04-04 15:29:490.0236816406, 0.0270996094, 0.0273437500 0.0053710938, 0.0041503906, 0.0039062500 -0.3493652344, -0.2058105469, -0.7661132812 -0.3728027344, -0.2272949219, -0.7900390625 
2019-04-04 15:29:590.0234375000, 0.0109863281, 0.0270996094 0.0000000000, 0.0087890625, 0.0041503906 -0.3442382812, -0.2197265625, -0.7680664062 -0.3701171875, -0.2341308594, -0.7824707031 
2019-04-04 15:30:090.0185546875, 0.0200195312, 0.0246582031 0.0063476562, 0.0000000000, 0.0070800781 -0.3479003906, -0.2185058594, -0.7807617188 -0.3662109375, -0.2277832031, -0.7961425781 
2019-04-04 15:30:190.0161132812, 0.0231933594, 0.0261230469 0.0065917969, 0.0039062500, 0.0051269531 -0.3579101562, -0.2048339844, -0.7709960938 -0.3627929688, -0.2272949219, -0.7856445312 
2019-04-04 15:30:300.0263671875, 0.0429687500, 0.0673828125 0.0056152344, 0.0058593750, 0.0078125000 -0.3581542969, -0.2050781250, -0.7507324219 -0.3608398438, -0.2346191406, -0.7863769531 
2019-04-04 15:30:400.0356445312, 0.0476074219, 0.0275878906 0.0002441406, 0.0009765625, 0.0021972656 -0.3442382812, -0.2189941406, -0.7705078125 -0.3645019531, -0.2407226562, -0.7861328125 
2019-04-04 15:30:500.0288085938, 0.0258789062, 0.0410156250 0.0007324219, 0.0166015625, 0.0058593750 -0.3452148438, -0.2197265625, -0.7675781250 -0.3588867188, -0.2204589844, -0.7836914062 
2019-04-04 15:31:000.0285644531, 0.0268554688, 0.0285644531 0.0041503906, 0.0024414062, 0.0039062500 -0.3439941406, -0.2219238281, -0.7792968750 -0.3481445312, -0.2407226562, -0.7941894531 
2019-04-04 15:31:100.0273437500, 0.0273437500, 0.0371093750 0.0175781250, 0.0000000000, 0.0043945312 -0.3442382812, -0.2194824219, -0.7673339844 -0.3466796875, -0.2341308594, -0.7915039062 
2019-04-04 15:31:200.0256347656, 0.0187988281, 0.0273437500 0.0061035156, 0.0041503906, 0.0117187500 -0.3439941406, -0.2204589844, -0.7719726562 -0.3645019531, -0.2436523438, -0.7954101562 
2019-04-04 15:31:300.0290527344, 0.0285644531, 0.0258789062 0.0004882812, 0.0021972656, 0.0024414062 -0.3439941406, -0.2197265625, -0.7700195312 -0.3637695312, -0.2380371094, -0.7922363281 
2019-04-04 15:31:410.0270996094, 0.0234375000, 0.0451660156 0.0124511719, 0.0007324219, 0.0080566406 -0.3439941406, -0.2189941406, -0.7673339844 -0.3564453125, -0.2390136719, -0.7946777344 
2019-04-04 15:31:510.0263671875, 0.0253906250, 0.0268554688 0.0107421875, 0.0146484375, 0.0122070312 -0.3442382812, -0.2238769531, -0.7675781250 -0.3625488281, -0.2385253906, -0.7951660156 
2019-04-04 15:32:010.0290527344, 0.0241699219, 0.0346679688 0.0002441406, 0.0012207031, 0.0017089844 -0.3449707031, -0.2197265625, -0.7658691406 -0.3598632812, -0.2363281250, -0.7866210938 
2019-04-04 15:32:110.0246582031, 0.0183105469, 0.0273437500 0.0039062500, 0.0012207031, 0.0075683594 -0.3439941406, -0.2214355469, -0.7697753906 -0.3571777344, -0.2465820312, -0.7922363281 
2019-04-04 15:32:210.0310058594, 0.0241699219, 0.0307617188 0.0000000000, 0.0004882812, 0.0168457031 -0.3439941406, -0.2194824219, -0.7717285156 -0.3664550781, -0.2399902344, -0.7844238281 
2019-04-04 15:32:310.0258789062, 0.0217285156, 0.0258789062 0.0070800781, 0.0031738281, 0.0163574219 -0.3444824219, -0.2202148438, -0.7680664062 -0.3645019531, -0.2426757812, -0.7922363281 
2019-04-04 15:32:410.0251464844, 0.0273437500, 0.0273437500 0.0190429688, 0.0046386719, 0.0058593750 -0.3439941406, -0.2189941406, -0.7675781250 -0.3745117188, -0.2412109375, -0.7878417969 
2019-04-04 15:32:520.0227050781, 0.0229492188, 0.0231933594 0.0178222656, 0.0080566406, 0.0002441406 -0.3439941406, -0.2209472656, -0.7727050781 -0.3637695312, -0.2492675781, -0.7858886719 
2019-04-04 15:33:020.0212402344, 0.0261230469, 0.0317382812 0.0026855469, 0.0009765625, 0.0058593750 -0.3439941406, -0.2128906250, -0.7687988281 -0.3627929688, -0.2424316406, -0.7841796875 
2019-04-04 15:33:120.0285644531, 0.0263671875, 0.0249023438 0.0117187500, 0.0026855469, 0.0068359375 -0.3442382812, -0.2346191406, -0.7663574219 -0.3747558594, -0.2431640625, -0.7854003906 
2019-04-04 15:33:220.0241699219, 0.0244140625, 0.0405273438 0.0109863281, 0.0039062500, 0.0107421875 -0.3459472656, -0.2329101562, -0.7668457031 -0.3481445312, -0.2419433594, -0.7934570312 
2019-04-04 15:33:320.0688476562, 0.1491699219, 0.1394042969 0.0688476562, 0.0192871094, 0.0449218750 -0.2998046875, -0.1525878906, -0.7260742188 -0.2998046875, -0.2353515625, -0.7382812500 
